UNK
001000000000
000000010000
000000000100
100000000000
001000100100
001000010001
000010000000
100010010000
000001000000
001001000010
100001000100
000000000010
010010000100
000000000001
000100010010
001000100000
000000010001
001000000010
100010000000
000001000100
100000000100
001001000000
000010010000
000100000000
001000000001
000000100000
000100010000
000000010010
010000000100
001000010000
001000000100
000000100100
001000010010
100000010000
001001000100
010000000000
100100010000
000010000100
000010001001
000000001000
100100000000
010010010100
100001000000
101000100100
100010000100
010010000000
001001010001
000010010001
000001000010
100101000100
100010010010
001001001010
001000100001
000010000001
000010001000
001010001001
100100001000
000001001000
000100000010
100001001000
101000000000
000000010100
000000001001
001010000000
000001010000
100000001000
101000000100
001001010000
000010010100
010000100100
100000000010
100000100100
010010010000
000100100001
000010010010
000000000101
000000100001
001001000001
100100100100
100100000100
010010010010
100101000000
100000010010
001001001001
100000010100
101000100000
001010010000
001000001001
001010000001
000101000000
000100100000
000001001010
001000001000
000100000001
001001001000
001000000101
000100100101
101001000000
000100000100
010000010100
010000000010
000001010001
001000010100
010000010000
100000100000
000101000100
000010100000
000010000010
101000010000
001010000100
000001000001
000001010010
100010000010
000100001000
100010010100
010001001000
000100100100
001010010001
100100000010
010000100000
100001010000
010000100010
010100010010
000000001010
101001000100
001000001010
000000100010
001010001000
010001000000
001000100101
010001000010
001001010010
000010100100
010010001000
000010000101
100000000001
100001000010
100100010010
000000000110
000000110000
000011000000
001000010101
000000100101
010000010010
010000000001
011000000000
101010010000
001010100100
010010000010
000001001001
100100100000
001100000000
010000001000
000000010101
001000000110
000101000010
011000100100
001000110100
100001010100
100010010001
101001000010
000001010100
101000000010
001000110001
000101001000
001001000110
001100010000
000100100010
001000110000
010010100010
101010000000
000100000101
010010000001
000010100001
100011000100
100000010001
010010100100
001100010010
000011000100
101000010001
001010100000
001000100010
100101001000
100011010000
100010000001
000100010001
011000000100
000000110001
100011000000
000101010010
000001000110
101001010000
001010010100
000101010000
101000010100
011000100000
000000001100
100100010100
011010000100
001100000010
010001000100
000100001001
010010000101
000000101000
011010010100
001101000010
100010001000
100100101000
001010010010
101000110100
100000000110
010100000000
101001010001
100001000110
011010000000
010010100000
010100010000
000011010000
101000000001
000000110100
010001001001
000000011000
001101001010
001001000101
101001001000
000100001010
001011000100
001000010110
100101010000
001001010100
101000010010
010000000101
010100000010
011010010000
101100010000
101001000001
100011010010
000000010110
100001010010
000011010010
100101000110
100010100100
001010000101
001101000000
000010010101
100000110100
000100010100
100000000101
000010001100
100000011000
100100011000
101010000100
000010100010
001010000010
000100011010
010000100001
100101000010
001011000000
000000101001
000101001010
101100000000
010010001100
100010100000
100100000110
100000101000
000100011000
000110000000
000010110000
100010000101
000001000101
000000001101
010010010001
001010001101
010000001100
001000001101
101000100101
100010010110
001000101000
010000001001
011000010000
010001000001
001101001000
010010110100
010000010001
010010001001
100001001010
000010110001
101101000100
001000101001
100000001010
000011000010
100000110000
001001011010
001011010001
000010001101
011000000001
000010101001
100001011000
100001000001
001010100001
011000010100
001001010101
101010100100
000000011010
101000001000
001000001100
100001000101
000010100101
100101010100
000100000110
010010010101
000100101000
001010110100
000001011000
001101000100
100010110000
011000010001
010000101000
101001001010
010000001010
100100001010
100000010110
000100010110
101101000000
100010000110
000011010001
000010101000
101000110000
001100001000
101010010001
101000000101
001011010000
110000000000
010100100000
001000110101
101000100001
001001001100
000000000011
000010110100
011000100001
011010001001
000001100000
101000010101
101000000110
010001010010
100100110000
010000110100
000110000001
010100001000
101001000110
001001011001
010100000100
100001010001
001011000010
011000010010
100011000010
101011010000
100011010100
001101010000
011010100100
001101010010
010011000100
010000000110
000001010110
101100100100
101010010010
001000110010
001000101100
101011000000
101100000010
001010001100
001000011010
001010110000
001010010101
100100010001
000100110000
100000010101
101101000010
010010010110
011010000001
110001001000
000110001000
011001000100
000110100100
100001001001
101010000001
011010001000
000011010100
000000110101
010001010000
000000110010
000000101100
000001011010
100010010101
010000100101
001100100000
101100000100
101001001001
000110001001
000110000100
011010010010
100100000001
000101000110
110001000000
001100001010
001100000100
011000000010
110010010010
001000011001
100001010110
001100100100
011010100000
101010010100
000110100000
010011000010
100100110100
000011001000
011000000101
000011000001
001010101001
101100001000
011010000101
001000100110
100000100001
000101011000
011001000000
000100101001
101010100000
100000001100
010001001010
000110100001
000010001010
000101010100
000101011010
010011000000
000010010110
100000001001
010100100100
100100100010
000010000110
000001001100
000000011001
001010110001
001100010001
000001010101
001011001001
001001010110
100001001100
010000101100
010010100001
100110000000
001000011000
000101000001
000110100101
100011001000
101011010001
100000100010
001001100100
101011000100
100010001001
010000110000
001000000011
000100000011
100110000100
010010001101
100100010110
000011001001
001011000001
010010000110
110010010000
001001011000
011010110100
000110010001
000001100010
000001100100
010110000000
100000100101
000101001001
100100100110
100011010110
001001100001
110000001000
101001010100
000100101101
101000110101
100010001100
010101000000
101010000010
010100000001
010110000100
101100010010
100101100100
100110100100
111000100100
000110010000
011000100101
100001100100
010000010101
101101000110
